51372896
66015224
14440789
117459355
102076749
29604694
90046810
116722750
117459355
51372896
90046810
80039951
81176976
117459355
64846779
81176976
117459355
9655551
116722750
81176976
75710134
77873435
45983530
78212679
89921156
116722750
81176976
117459355
90655810
117459355
36690458
21400248
45983530
78212679
90046810
60597385
89921156
14440789
62002498
49532005
75710134
90046810
110916668
90046810
102076749
116722750
117459355
90655810
117459355
36690458
126024339
45983530
64846779
44728783
117459355
44728783
48159446
87388861
67485164
44547825
71210152
85230337
44728783
12158832
117459355
67283146
56744535
85230337
133060309
117459355
85230337
133060309
44728783
117459355
71210152
122532588
11513857
68851277
56744535
87388861
117459355
12179771
44728783
44547825
117459355
47651540
48159446
12158832
117459355
12158832
44728783
87388861
67485164
44547825
71210152
85230337
44728783
12158832
117459355
67283146
56744535
85230337
133060309
117459355
85230337
133060309
44728783
117459355
71210152
67485164
56744535
89946282
47651540
85230337
44728783
117459355
12179771
44728783
44547825
135045809
45983530
45983530
14440789
116722750
89921156
117459355
125671036
14440789
56744535
89946282
44728783
48488080
85230337
42776042
116722750
133060309
47651540
17513580
56744535
67485164
42776042
89921156
12158832
68851277
44728783
17513580
47651540
48159446
81913619
117459355
56744535
48488080
117459355
47651540
117459355
71210152
122532588
11513857
68851277
56744535
87388861
42776042
12179771
44728783
44547825
117459355
87388861
67485164
44547825
71210152
85230337
112571534
48488080
44547825
48488080
85230337
44728783
17513580
117459355
85230337
133060309
47651540
85230337
117459355
56744535
48488080
117459355
67283146
56744535
12158832
44728783
68851277
44547825
117459355
122532588
48488080
44728783
12158832
117459355
132021732
112571534
67485164
117459355
48488080
44728783
87388861
122532588
67485164
44728783
117459355
12158832
47651540
85230337
47651540
117459355
85230337
67485164
47651540
48159446
48488080
17513580
56744535
48488080
48488080
56744535
112571534
48159446
135045809
117459355
90046810
85230337
117459355
56744535
48488080
117459355
47651540
68851277
48488080
112571534
117459355
112571534
48159446
44728783
117459355
112571534
132021732
117459355
85230337
133060309
44728783
117459355
112571534
68851277
12158832
44728783
48488080
85230337
135045809
45983530
102076749
133060309
44728783
117459355
47651540
87388861
67485164
112571534
48159446
44547825
17513580
117459355
82669199
14440789
116722750
89921156
82669199
117459355
87388861
112571534
17513580
44728783
48488080
117459355
132021732
67485164
112571534
17513580
117459355
85230337
133060309
44728783
117459355
48488080
122532588
67485164
48159446
47651540
17513580
44728783
48488080
117459355
112571534
132021732
117459355
14440789
112571534
48159446
117459355
14440789
56744535
89946282
44728783
48488080
85230337
20831411
117459355
89921156
12158832
56744535
117459355
116722750
133060309
47651540
17513580
56744535
67485164
117459355
47651540
48159446
12158832
117459355
80039951
44728783
112571534
48159446
47651540
67485164
12158832
117459355
89921156
12158832
68851277
44728783
17513580
47651540
48159446
20831411
117459355
67283146
133060309
112571534
117459355
71210152
122532588
11513857
68851277
56744535
87388861
68851277
44547825
117459355
12158832
44728783
48488080
87388861
67485164
56744535
11513857
44728783
12158832
117459355
85230337
133060309
44728783
117459355
47651540
68851277
14995923
112571534
67485164
56744535
85230337
133060309
17513580
117459355
56744535
48159446
117459355
36690458
119009407
12986461
12986461
135045809
45983530
89921156
48159446
117459355
44728783
45546497
122532588
56744535
89946282
47651540
68851277
44728783
48159446
85230337
117459355
48488080
44547825
48488080
85230337
44728783
17513580
117459355
67283146
47651540
48488080
117459355
12158832
44728783
89946282
44728783
68851277
112571534
71210152
44728783
12158832
117459355
48488080
44728783
87388861
67485164
44728783
85230337
68851277
44547825
117459355
56744535
48159446
117459355
36690458
119009407
12986461
83324856
117459355
47651540
85230337
117459355
110916668
113097075
29604694
36909223
117459355
125671036
85230337
133060309
44728783
117459355
78212679
67485164
56744535
85230337
56744535
48488080
133060309
117459355
48488080
56744535
14995923
48159446
47651540
68851277
48488080
117459355
56744535
48159446
85230337
44728783
68851277
68851277
56744535
14995923
44728783
48159446
87388861
44728783
117459355
47651540
14995923
44728783
48159446
87388861
44547825
81913619
117459355
11513857
44547825
117459355
85230337
133060309
44728783
117459355
81176976
48159446
14995923
68851277
56744535
48488080
133060309
117459355
17513580
47651540
85230337
133060309
44728783
17513580
47651540
85230337
56744535
87388861
56744535
47651540
48159446
117459355
113097075
68851277
56744535
132021732
132021732
112571534
67485164
12158832
117459355
113097075
112571534
87388861
12179771
48488080
135045809
45983530
102076749
133060309
47651540
85230337
117459355
48488080
44547825
48488080
85230337
44728783
17513580
117459355
67283146
47651540
48488080
117459355
12158832
44728783
87388861
68851277
47651540
48488080
48488080
56744535
132021732
56744535
44728783
12158832
117459355
56744535
48159446
117459355
36690458
119009407
119009407
12986461
135045809
45983530
