61146088697929917345000015383596263846897733039310264154470627553481882973366110611519778385994288973308086965048606063675379012840524947369825331887913
73258283566615003403690463817737475851194190845475894047328664806092175757832251965456745672624588073270624386773780615391218566230334344282131880008459
390691244444020920753985176943277085093384150883904630595425929194031287863224396979656377726578992501388206685355211912782629926949200703265822809393491
723008520853549650437668422923222846022021756677129096123650184775632816426324644768407003270958226913859465966187697059088645234234435657664344103642235
376081163054814476914889314411671663365340970528575024014005474290808597842171712721721944540794017955534599470870935099661518768809648391428543237986516
392644453759644684653579724939433117693126707141238961030517000393538304987309490742585145881289440852289048645775911183794652787295558506894992673244786
335802838803661559291769853959575189305584515924064934850807753809451972050586497950102504923675356059246336851397217916233938474620509877824503048726029
435382849124278947971479867559569021871405729864794589095510629425043830023687414531280417670651496892031153696299030841682042501628436778098823485670445
1307135923052386089232420316204431783792420036360487687772186511936089297956770180652543975176825785937850679072499782622505867555722034956166613923564106
378205254039530020348848630374952293953842782168765857663121687640512949010317664087826577786070134461266391105214759497038666354833359552797289611360789
393891679750314304257485953548921175427124206499908872642878412815233681212074781519000512388278670737009812462654859691719417660584948373858601037202365
600733823228596834650000306713667754855696934560297484726691039909010384945762799660039223209493522021598619624251061045699317608188048436635072612079459
505863300854710400223080923652991467125877342055237238366364297860220387881608039351229411700477415280053589289352389355315206272257091884719301609778243
791025432239114928179428979196655640382273018553575430509456675356323918333752590997172220985497443717378975332819796817223988179298422580292304292832893
186750792054230288810067121104144983768270530745457881206952736308369328979823021494982460703921008606968124745171596036678907832648158325883273328774767
1054250113428603157901508273336305856426579625131359888584956573285051252782103086644185694802775032836010275427211470623073923623011735152879296239020827
789198230627585738014491026875209698621955692510029701819785784120269671435004212176770826948258474580336500992099748193655810827985595670940325982662262
145037252984921127758124421028884140253026369129181329560608600683105260404803399119179025094263301578762070023317732414513394067216883189546130643501697
62786029814394737612795812924142572831117136778622544433047659033421470515229344140336009334196213858744202216907997287685021377601423447902041923976873
339970020465643945550774477565651323935853017093474023699546988180229790593319798541142944615549811427622229900675299094357582382131210517168861747606035
346095196244909740719780222478288816123074498288648226444069907277810646180296568081107004592237066620132892032666101617427568938261777462069451903340468
1100151431963080105335762960028492823053062010929398930853474682471959337391916160086027808857088217580618079957785262207500371641288006057984759236560213
387538002667805172464965196615645755862634028732795120946101880763089646035754915995044732037285431458405637971838471327287395910831999328182303979445657
413782646469375336313531705585168101717770509424964796893001637185267569789433336349848920551616587215216736726933742132680236419440856293532958839205654
857656072408116839330876469584211834263180367215826729362582279420627924854891134092431507446635150217095112134922466285258390950478153756135201470171679
1275581327104151826759618287743485337781502821883480781252204548675403052217190350294075891169169344100818178986733977000218393132739310045615623920919935
842440226451687986059442554203688461888215333694123612237116904710139203321461645474186442498043926815835690414685723754054404010434666322776992870111324
497894569481282604162284445950176555191993324736730828434280800575613065626187728976397886419122736283012431796885231882501273824856067366627798483843608
434724645393180568792306493909468646225063519676886358648452542279553701313860830155448000370544916032657270994579022099082567030817899056330548133604316
333752989519335642267476528795214208359760157539593298945960258897991166074772893592497669812956462341673327471644317436239687119099518850321982035637081
869336532676474003323103343003628255047786803218798629156191059716008925400023892822339497755919980335076606472481634919805389159035241584663408314815310
